# sample experiment
-0.167133
-0.203728
-0.263315
-0.277105
-0.211108
-0.115845
-0.239034
-0.250989
-0.254417
-0.26924
-0.2795
-0.30177
-0.276473
-0.296513
-0.296729
-0.31721
-0.315277
-0.319702
-0.308661
-0.310954
-0.310017
-0.313648
-0.318137
-0.320754
-0.320692
-0.322406
-0.307769
-0.323266
-0.324304
-0.312494
-0.307032
-0.310635
-0.313034
-0.304994
-0.304432
-0.313034
-0.313268
-0.318223
-0.319309
-0.322563
-0.331021
-0.329198
-0.331397
-0.336149
-0.336139
-0.337964
-0.334527
-0.345226
-0.343277
-0.350321
-0.350031
-0.349957
-0.351053
-0.33473
-0.350829
-0.350363
-0.343857
-0.352741
-0.354086
-0.357376
-0.353971
-0.369063
-0.374091
-0.374054
-0.373778
-0.372661
-0.372429
-0.376978
-0.377154
-0.360232
-0.375129
-0.37652
-0.378255
-0.376281
-0.377399
-0.378958
-0.37988
-0.380894
-0.381186
-0.381872
-0.376132
-0.382449
-0.381432
-0.381326
-0.380211
-0.382631
-0.380257
-0.383954
-0.383673
-0.387039
-0.385427
-0.389834
-0.389529
-0.390515
-0.391764
-0.389686
-0.390129
-0.387644
-0.382767
-0.384046
-0.380823
-0.382652
-0.384278
-0.381515
-0.388115
-0.387766
-0.387423
-0.388432
-0.386805
-0.379365
-0.376847
-0.364521
-0.357304
-0.346219
-0.34197
-0.329234
-0.290005
-0.18218
0.005107
0.039346
-0.04109
-0.232875
-0.285523
-0.25269
-0.241832
-0.23684
-0.194185
-0.160675
-0.107687
-0.057581
-0.168054
-0.258487
-0.233532
-0.22235
-0.182392
-0.13094
-0.047939
-0.092231
-0.019194
-0.060596
-0.147991
-0.171544
-0.233319
-0.227331
-0.181645
-0.172224
-0.231634
-0.221664
-0.208243
-0.238165
-0.259262
-0.281912
-0.294006
-0.321117
-0.359067
-0.391116
-0.392022
-0.386806
-0.384377
-0.369566
-0.357268
-0.320783
-0.259072
-0.147205
-0.219899
-0.246676
-0.208687
-0.230562
-0.207351
0.063992
-0.001224
-0.19791
-0.24576
-0.265655
-0.301283
-0.348469
-0.364117
-0.383172
-0.386492
-0.386639
-0.395649
-0.399782
-0.408579
-0.41295
-0.413043
-0.415252
-0.417269
-0.414722
-0.419871
-0.406288
-0.394451
-0.37165
-0.353522
-0.323608
-0.264875
-0.236985
-0.270461
-0.322534
-0.389164
-0.37242
-0.335383
-0.353039
-0.381177
-0.384246
-0.362806
-0.345278
-0.308383
-0.27015
-0.250162
-0.239629
-0.18291
-0.172072
-0.177913
-0.23971
-0.293559
-0.357086
-0.383473
-0.399804
-0.404599
-0.420831
-0.430515
-0.433603
-0.434199
-0.43606
-0.439556
-0.435706
-0.437633
-0.441786
-0.432812
-0.437849
-0.441134
-0.439283
-0.437376
-0.444169
-0.442104
-0.44371
-0.441401
